$ANSIBLE_VAULT;1.1;AES256
61663332363337353431633035623538663062336664306331356461383734393464636666396361
3235353737356439633838336465353562393061643231370a346532363936376162646337623832
33663639393235383436323030313635313063653939383830396235613762386632363432323636
6536336234303865330a616231633438333034323032326462363563653836653333333335623637
34363639353866323461343662643638303264316235623735666131653864306432613532306635
34363562353933306564336263656531383162623735613737636364326436303135313637646337
65326637643361323364656464336237303933353734323930313231636237616231363033666632
34313566376461313539663366303765393161303932383534313063366439613363643763633336
30386430346161336532386465393866313139353632626362316464363637656334373266356631
34656331343939643737656338623534333932623339343263643039616537656434363564613261
30323961376135396635306333623133643234393036386565623434393065313136633937343961
62333466346435626638663139383936333364363963373566633939633030663764383863336639
66316334613566616138393431393333663633393863613863346333363866653663363435303832
34383939313632353863393333656134636163393164383864376131373938343432656439373266
66316161303335393530616665663962656535393835663234626437633866386135633166393662
66353063376234306364343335646363326132313364363639323062633135306336656235333463
31386562316339616433616131636165666634663333623230376238356432336531653337613637
33333062366237323764613362623436646135303162626234646264613366623030613930323733
31343966333436326536383966613763393734313430666234376139633631636634346439316263
32356439393666613566333730666235616333646539646235653039336535306439666232666266
34666532343233326135343036656531323439376165376632623030633131643463643536613734
64663538363432343838666437643662646530343634636436666632386531623133336234363732
31323565326664646361633764313566626535323339363363356636393933343833636336643736
36626138353634326634313966363631306531653565376337383038633137303665363737666138
3532
