$ANSIBLE_VAULT;1.1;AES256
61306563623238666663663031666330306638336130366164313132363437393230326665383164
3530343737316135323439663334396332323261643863380a326230333964653965623763323230
64613465323661353937616536343163396361653830396662623133383163646465373239616438
3438376565316432630a336164386162653837613934366437653738383965336236303731323931
38386436303931346561383366633635633761396565663262363566323839646332346336323131
36613431323264653265633437313166313633666332343832633336623162303135633363316232
65313036306563336362663663633862656536353063303238333537623634656136643730626264
65643666386239386363636233323134336234393131323730333531323335646236353362363262
34396663383739373862623637633936386564306536303934363732383931346238613632646536
34323135616239316465333038363736663733393936623638356634613564613437333833633164
39346163323435653939323461373139623063396632333061353435663332646234386665313965
63376566373765376636336265376530643430383938353966363236646166373434333537366339
33323339316666393561636366653664366562643034663332343631383634646161633165373262
33653461633161353364363965663936363162343238396232646138313332323162306462333464
65373531343034643064623630306163646566636136336130353465313333633032336638383966
63376364373063366164323062366230623534653533336166323762353337353636353836613639
63313234333037633839643439353233633036616438353861313438326638656362323766383265
30613436346537316532663632393635613332643265323031633363306338376237313334616136
31373539316564636261613733636431363061376430313065313061306236323362323665316361
31343662313062633932373961343663363739653232306633626134643865306430336138386561
38333262313963353334396661646333303163356433383432663739646136303761393965343637
37303131313537613532336263346663323061656633363435373965353533613235383530663033
65623734386161623965623563373934656366336331313637323265353066366436323238353537
32333165613834336663316538643661653665633463666663396464353061626337633065346334
61636130326339623466386233336563373534366138633531303762643832366139613838353731
66383034373362303065353361323464356534666339313138633737383638333232393963373364
31306236353536653431333061336130646166663362316138323236626535316337646430386661
33353836336132396435366566383633636365356238303662396662333265653139636635336137
30376138623766663834383332623036643631373630616561643234333262613762613433633336
65393536616133663632373834653766613431313530336639626337306135326533393938383464
34346364643034666337313534323438316662383235336431316537663030346364386532653130
37343538656536353461616163393465353638303366363838373763323338363037623266396532
37653633666164666136306564633332643237386262663236333937313762306335336361353331
62343535323638626539623031623930323932366166313839636163366265373331633138383064
62323963316265383139386661336332626262366464336535613461323738633139646165383763
36323832313930333730616634336161663432393065373535313534356361616561333063636330
39323962613164663861343464653539336239643862303065376465363165396435643834633663
36613261316362663161366664363463383031313435333365633839613931303838333835333636
66343431386266383365653263656132633666373061303464396232373539373536343033306364
63653536343261376438343662626461653735656635613137316238353930396365313435333935
39336366363239393034326263343033356563616138343563653662386538663231326635396137
35356633313965376462656235326166353233323934326261656362623433373239343535663036
64393762326264313265613232396134326463346261356132666164643433333961336335303265
37393538386633373661343437333435336633356664663963306134306261343438613564366162
65396463653136613230353034373735633264383932393636336262653435313139336533646134
34346562346162616536613663663765303536613235643430363564373633616134363432306235
65336338383532306265393766656136643132666664333939663930336430393662656165393065
65656438356130636531663233663763613436383735653133656234373664373161326436623665
63313363646430636636613738646634646530616135643633333664653934623262393438626361
34303038316366353136306166633639323136646530383131663065636562306632323565353032
38316664396438343864353933333135623937303933316432383632643664623036323233333533
36623237373361663037333737316438636663366631653639633435633535376134346363363830
63346633613964356230366266346165363630616638386131373932326133356562363162303935
39656538363264343333306164336232626137623034666162343839653532643963623330363564
37643430306163653330326434666661333634353663653632616666346434653761653431313566
35363539653262613564373431613838663464336465396238303134386361386364333238663166
66313365373432313466316563626533336438633935613536306233653934323630343735616639
63323236316666333137653235366239393134633063333837656664356133646433376666393866
64623037343834333233633065376162383834383333663063626430376132656466326365363832
36323532366266663061396462653633653733626338393535663764336335653531336234633161
30346638656532643261666332656136316430396364636562663138373865643438633732623933
62333064656334303861333230336535353637356439663130316436316537336366386537373332
31613565343333646632663139646661626562616136366636363932323335613431656332366162
35346135333165386530663935613765326132646632663733356135623666303935303334653839
37313330303134633065303365393464663934623233663966386339303230363137613963336531
64656336373132643232656537636335353130356539343136303861616530646333346664373932
32376266636465373435633663363365326466373564393562336266633666383432386366643564
61363766346436326137616239393236326562386335346337306230333535663561313431663132
35333338646430376564646162303565373937306133633638396634633633623866623037613138
32656330396134326130646137326231323164613163306136336165613134343533616236643366
32386238366430313631336131656338396138323837666131313032613965316237363864313063
32303766373939653430613561326331366332663065356434363230396235636661663837366563
33613666363731363238356431343339363034393763333434383166386533326536623338303765
61323732623262303739316532323331613961313363323437343639653333643965383362353538
66333334316234303130303239636133623338663630373461653436343766323362643164333734
61653366623632323839336564356132353963373663633336623465323036303537356661393732
64346439306466633766326562383037613333323830393035363430623666393064366336336438
66653430636165616563333238363737343465393066343861373439393465663463636631333930
31653565376165613462643238306435343935383164343233653164353662313635393535333237
64613665306130326439643461653130643466623765356635653063623763323438613532373132
63653130343831613734303866323033613639653265646137363438303536376238333434326231
63393433373561653066323965313137376334303764623933326363373832623730393364393461
34636639396561636664333338663735383732666261643530633236363334616533633836366139
33666631393230313061663633363134613033376336373138613861313335373562623239393539
37646137333932316334646531656338613136386166636333393838663437303161396434383235
62336664356663613134363238623462663231383566626262626665373736336533633637666332
34343830383435333331346239353430316264333231346531623834313231633563613437346330
37323630623961343039623836363566326136306535616263613066643035666663356662303563
35353766373536363039646165376666323039333531376434333434303962633265313233323034
34663032386237616138666430373836353066376637613733333564313434363732336662663636
38303631366135653637666566333264653263313432656166333932636339303936636133623434
66616236333465336561373633336437393135313062633861396132643632383033323737393333
32303637393661663736313064626237346238366436356535343233666665353635323565303533
36353332383062303534613234656161306438356631633437643465363235613335373438666238
33353361363661356239643038626563353661396331373962626132663639643137633638623536
33353234653963303261373939323235386637643731363865393735353563643533313633323664
32653036376431306261613166643330343137396236383833666430306665366262303336336364
63353761363663373737323338306135383437353033363539396165613535643037373238393334
66363161643065303634613564366130616536653531396332653739643730303366666337393831
61363831386664313537316339326361623764623664303262616262653865323532336564343063
65626462306434613533653030313430353662616531363638626534396533303063303737306666
31376432366336393233653639393032633338653339623365393838343231373335656564623734
36646639353363306263643736306430636361393936616235303730383534373938363565323464
35646539383166626563643732323831363733376464613639633937356538313139306134626365
62623366623366653736396637653564303866333930333831306163636233363861346166653234
38313935303863643231383939303266666538396335343138376265333730643134303538346139
61333165343266346433663832386131383233373462353533623765656563633431376564306431
62343938373630653335373531363736353933646130363433613131373038323536656166366232
31373031393063333538396639633137623739623833396430653733363261333863623464346339
61633533663933663432323236633638623330623235366662633531323437616363366533313563
32633734383837313236633162366366353266313539323763303662393961623362346231646632
31663436343562626230343465346338306334343633343732623136316533633130323737376530
65383566636630303532353966636266646262383436366238643633653539643366643435653461
38313862353633323361366462313535646266616431383631306466343437326139656566346165
38356531323766653666333762383531316238316562643238653163393939313439633130633930
30613831643332643839663737613261356235303730616262623365616664383430656165383532
64363763616334373137343265633632343337343136613631386132353761383838306637363237
62626165663565373431643762313966376137303037323130386139666461666163336661346638
34623562333465366362343463623836346130306334663163353961353766633466663838316533
65303362613838613062373734313035613838663733653566386162373834646437306639393363
61313963623037303438613666646564326235666462633232343632323930343362666134363864
35353835373331363532643266613061386338353531313230383462663339333433363232396133
62623561636466623035653337613537663734376633346535313836343035666337613462373366
37326534646232366536663432336134373863343231643065386365313630666565323362613534
65663865333435323431343034656134393535323134323734656662663736376663313536373838
63393664393932633839336437323335373461363332366630663931643936653631363831313734
36383061303735363035613465643531366437393034326633646530303364313431373735373439
36633437366466356237366666353764353432656236386230333964623363303566646465386638
33623934636332643261643131643031636434313831393034326233383061616135613330333063
66363439383464616561636363363735396163643131316463393766376361306431616638633934
31313437356366363439623364636232323530336536393837656135343262306234373366616266
33653263363663636630653033613964383765383836663361373539356261313363653461356134
65336439333663653063356262646335633166306533616631303233386539383266626432666237
61333634356666613161353063303565333461363165643037303936363964646364383338623032
63323166393937323136646361356531353731386533663166346132623831663934376237343039
37623861653738353363326636653932343765303837386339363264393861656238656635366639
63626235393839633133333438636439393661356461303139656662623933356137663864653335
62363039366236313639353538613239343838366430323561313438356139306330643461333338
37653961393031636365646632656435386530663830313733646536653964646364373563623364
66626166626135376636653339346639353064653736373231376431626164623830643434366164
66306334363564656266373664313963306538663131323038303833623131353266613932333736
35373931376538653933386334396135303764303935396561333562396431356332323430666332
34346436343831663762666163616135666438613033363031656632333062313639613037386432
64333464366430373738653532316663313036373663363035353138396235376566623934333264
34383565643335383731343065643433323866656665383966633161383665336563626464373164
31613632656464363135356565643039343931306237393361383635336165633932346562616365
65633465343433356236373532303762313966336134666465303265336532316533303134666631
62313262303562393539336130303339323535633836656663663632336337646566393034353730
66653037336336323761636230386464333666323063343064623363346262646332613939393438
37333961313231313030663366333133666461626638333338303863303139373433663531363039
33366361323838393735393635343766633865633966316562383033343835376461323635663763
33373165653062376639653061643532613531346233363038666361626266383830316634393334
36333930636131383235326239333436653665396265303737343634623833383539356666353036
30383532336138346134316166306138393034306162656636343236623134323335363635303965
35373463386638326532313965386261393038666532343639626566323230633935383036363038
65336266346662306261613066313733623937373337613930653631333639316437326538616263
31346362613936363764363731653832313565646232616136636165626566353865343361343632
38346531326266613363643164633831303032633263643166346361643138393639306264326265
63616566303935333366396562623438383637333861303631353739353532303133633366633464
30333035633562613534613138336231316231393831643334663335343830306362343937363666
31653038376437613139646562666532626334303630353639333064623432653564386562303065
36643834306133396231633665623264343531333039656439373534386235366662373536616262
30626235633435663134393466303732303865633634633362626232363538653830383666303361
34666362336662636137353565626461633532313463386431306166656134643565616463656661
61616235663766356236633263366635663738383438393662653139366433373130323762313331
36386366313465313465336263393030613961376362663133323839326633376230303463616339
30366338336563663634343739396631336566636162353230373863663532343833646262643539
36393035363664326462616237353361656631363732343833636263326139346161643462643831
34626335386439366463323736623337383736613339333032643566626130653332633035643062
64663461663431376362373930653237326235343637353133626564653838333033633230386262
65333330613335343834393461636231303962326139663637633761393165643061386638656534
66643362646363663234653463336135326233356637363230396361373130383037663334336133
37363439353865646563343232386666356661313434313338623665653431323737613035646261
66303736643966356636343833343934363163623838643538306163336264363166396563343231
35323766633533356137303637313738333035386436616134356435373066303062636135326137
66626264333632646530
