$ANSIBLE_VAULT;1.1;AES256
33366464316436363134366532626563373833353537353432636566313439366335626362383133
6335373765373663613330353737343463343163323737350a306539613761626362363235356134
38396134363436346535343564623564386362333039386436666334336534306234633235353038
6163346564363635350a616661343465643531633835663237306531633162643030646133323465
61346561383161393466316338303838396534656135633263633536366162653735393034363237
33633935663738366264323463303966396532306263366136613734336132616563326362316630
34633362313663353135646335373566316266306338663632366535666431316263376539666133
66366434623037653062623935626539316230363131396235333162636439333430663137643039
63633362663362363233613331346633663737316665663064313564653036666636653265313538
31306537393535396130636637353132343462376361356563393538333564613762306538626330
35616264663435353163653331663533346534646433353361306164666633326630336633653465
62313764326664343231346432363966373031326636653862303366363363623062643034316237
38343333366338353930383165383861343138666131663262636330343738353838386438343031
35393062663765386135383864373335303065313965326437353763303636393235393434616165
30303162393234316665376333323565326232653731636236376634316637316239323162393931
32626136316562343239643430303162623533316133363830346238646338396661373535666561
34343436346536353432373161363035363538393139376330386437333132633639663639326462
64653163393364303962663066343935323436313662383465613465626536356563303630616335
33613532666130393032323632313462623937313831623234623634376364326633303135306430
31313432386330353736383261656664633530373239666531336462353934613966326439623638
64383438646439643931373564333463663737303938393862333730663536316135623436343064
63613166366438303539343834356438623735323134326633343163323633343166376336376230
61396635336530356234326433616439383163373430306139353666303333313836373663306562
63373332393961366662316539626162343130653038343539643035656335616134363337363065
33326230623163356133333035333166613135613064623736306462653661613633663930666232
65346433363465323762363132373332326466323139303162646361636562623131336266366365
35646235623564386237663538303438376633643830633637353630666333346335633239636338
39663162656232653364353263303162313163623861303835393731313739306537623030616463
30303737656636363537616336386161303539313839356430383665323133623132363233383832
62623234613763633730396361653133623130376538616261326631373666373666323061316633
65633930306330306137633334366330633938303965643230633530386634653237633932306239
33613265366633326161633639616334633734623835626364646430336263666265626437653463
36303962386365626265313339663662646433313132613761636633666464623135626463633339
61333462336336393534633230336639363236646561646663663734303365363636616464656561
35613963353537643762376666393039373461336463326433373934646237626464376232373637
39666661363765633666636135363930653032313731393966623866363161303933303830396362
31373935643131363331643635393035383435666535323763656561616261656161376165313265
36636561383932393437326235643561656335626164633961333336393336306566366563363766
66643431623965623030613734326235346666376465653833386466393939616132336162383061
36313233313636393437656334613733373230303063386636646166663138323965346231626566
36623038306661306439626637363663613139646233633762336131663963353039316431636331
35616565343566653730393432396334353338323536316662336537323230393534666437396634
61613331303532376662373636636437653238663761656434653466303863383734663730653665
30616230633565616536386461646239383839636233353330626630613633376261653561613238
64376534663431353066306664393934626331366362646533626263643263653935646265616438
64393037613333393339343861323764363932396363323733393266323563386365393332333566
66303062626162336238323561303961666334393232376432613134623466353961626565623236
31323661623064646636636564653333636664313430633330336130353537363461386539663765
37303739643663303961643865393337316539633738376664613464666131663438393034346132
38663939393561383435623261336238346135343839376566346438333962376661303764613566
34623431623834313639396466643164383861616565316666613962356135623235323139316632
66373034633037666634383731646137376663373330353639383437376334333862616564313636
36623236653466336633306335623263353564376335656364646662643935646661363063616430
66373133333534343135393031656239396437306632376534656234323231393835663866646136
37323564396532626238373135393362343235643538653739623639633633346134393735626163
35383131653239336332643633313433356262396437346539626231346262393963616235616665
62363262613263373938636436663334653638616266346439373437633831303065653933356261
35626135663130366433626339613135666637633666623235353737383335636266656265656266
30363635316132303135373234313031326661386332613237633866386439343861646636366332
32373962633436383366653066343630346264646337636532653966303862356539336163373632
39663437376364663462336634353661363637323261346162633964303633656566303063376539
32316538383235356136393131353331393331333534396237613466326336343165303562666238
39323565373464356339353739616431643564346361376630396238616438633736393739633464
65343861313630316537336665333035643037373533623638636162393764306533326464383166
30626539613034663064326466333932353031346332396235373939373761316562636133316431
62613563613137633566316433343930653539633235346135356237386335616433316138396362
33666335656666303538306539643330353732333435313466623737383830323334306665343032
31643539643862353533623466333363306631323233336165343332633665333365613661356632
36633831363366353765646236393463623661666465326532353930636531663262633437653537
31366332613061656433336336363535376636346161613435613730613230326530636332646361
63333535396335386463363266373532343434333661353761633735366139396364356233646631
39616239613138386265623766346133303862623935306431616636313335373937323261353162
33653632313533376130366163383738623535633835613631383631306537396130356138353530
31363832363033663031346634326334366631323332616333386532386234363735393034313238
36633165373162383462346332386163356330643331646137616564363839396463396339613264
36613233383566343434643866326430373666306137343635393366626261633862326634643631
62633639343131393734646564656538623034383038613262386164633531376339363063333236
63653664343264363136353733336261643165363362323663383736383237653033366565366632
64366436633932343466626338313035643036313432653839656635356234353535613133343035
63336335613039343964643162313266313138316232356563623438363764376566383538306334
34653839663561633763616638636461393433633332663263396239646461346462333634323633
64343866393663633135383263643763383166356535323365626137636465383438636663363531
34343838643139373666363433383538363465636237633434353130623935306665643830316434
37303339656631653465643132376461396337626135626339636262626661326532643136353864
64353864346232623037396662613434633730643262643761643966323431363637653836313233
61373364383737646138623937613932383933326338666162663635326363363762303332386561
63386237633164326538376131613264316266346432313965626365343264353662623330366333
36323235633937326438366435376339353036353238646239313361306466323930613136626436
62303362653335623662653062373734393734653630393938316334306662346638653637356434
39333433313331643836363833323032626239306634313936633062346431623339313238373465
33656362316665653034303039396134626532316235313133363432393136653665653563383733
31643332376432363734653735346537323465353630393336343565303136326332316563616565
30366164393263653165303932313865343562656437653733333733346334646662303232363962
38613361376336393734323134316330656165313532643632626163333138646133636539353961
34616433663661613030353830313131323137646464376236393364303964666635303339656331
33356564386232616361343161326533666239313336303938643734383563343466613661383536
32616334323763643631303436646262373064363830356333623231643131656666396261643363
62326334383532333332616331313334333630346435643164396363313839346263386665643032
64353731323465303030336532316161313566343431613165653132356437323465356237643439
62363036633166633431343738613539653266386462393833396533386334316666653365653837
38366263656236333030383435623433353532356566656430646334633365303435623330373438
64656634393336373461326566363435303066353863653539313437623536613339383933333730
35616162313834363230313461653235316437373039636234623563393266333834613038326633
36316163383133616635313566323361373233376464636661363164643036616237313733636362
32326336326262333766643938613230306364653732646661623162336332363665313661303332
39623564303264623263366436343536333163353162616331623663343365646337643962346237
31306165366336616564623332353034376230643161343039353563646261333036333033666633
35616364373634383937626438316334313965343537623833333963643432643630623862636130
37303135613239383235353030336662613163363334356365613263613166643364323765336333
39313930663732663134616435306238373865656330656664353131623462373032356439633835
31663462353033646532396237616463376538323964393838646563666164306564373730393961
65386639663463623030633936306332333030663861313564366333653538356131363265643862
34353561616535663331363466646365303964613531353566626138313332663635613761653834
63333338303332613838356662333466363036353061323166376363633532323436656334653137
31643566363638316261333531393239666430636631386132626234646230366638333036353565
63646264356365666533326535363932666332306231643033313666323561333631636462306438
38303266386666616364393665323436303632333163666261616439306438613665323764613262
64333062303030326339366364386237656232393334303538316562666631613864633631353530
32313635396236636333663361316639316564343063383738613436373531643835333630623366
65623966663834346436396230386263306130323931613662613964323437376466373263396239
33366461646434353330646433323664356363326537373339316535326439393262313535643965
34316630643535643837313531646432396534636162363061313065613765386135363833333164
33363831653761366362643964643833623564323964653461656530623965646165356361396266
64666537653961386135396336646261336435633138666430303432346462333162626633346562
36303961623562363137376335666231323130613134383933633762626133373431356365633535
33643934376437656465636634643630363866323232383233323566626435663130616264393437
35393933353435363561366534663635623232376633346561623639373163653364386531646533
61656534313832636462333438656539316266613232343366363763353165346565376264316237
39353866323535343664353135643363363336643130616263373636656465393839326161386532
32313739313862353063393431373039393733633036393731633039323031346664376530313163
31303937353830356664323039666435623165333439613137643861656638663063626466336533
33393034393135306663366637313233313937623431386230343438616565396531613336363332
39346430643163386633306564623730383261666362626333303961306365633061626537393838
30333063313834626230383437343035633132653866623236666563653462653531653566396434
31636131366165656263333264366339656633616465636264643737653561316539653133306665
34306231643132666439333537623833313434653364353164336436626332363333663431323634
37326663663561333662323765323764666662613931346633636636353837303530356130366532
64353061646162616635623235633664613237666334623262653631643762633331313363623839
35376161626138643038353866393635633961313965353664333637613339393436383730623165
32663432633361363737616664353537346538346639666131653134353961646139643434656638
37366365663763623739626162613533306563323734613938353831353164343737653636306434
66386230326233646439346635643637396365343361373962313834343337633439373931396634
33613038316131383262353061323062613866313437393132333765306136346433656162653562
66313432353439336362393733343737333465343266636662623834336132643061666664646334
31323164636232616631326566653131633632356163343833383261653838386137633934663630
61633562653566316162333662616539623138666165363765613634643464656661323061383332
66313435656233613831616264316135656465623062616138623633346432336335643237633332
36353263326266323362396438353339353336653939616233356133356163663530616665313833
38396236666666633038623334353738613365313438656166363562383735393237333336313264
36323663626664613937313938623565366663326134366261336663393161386534663664623530
64363435663534383939383339313734343933613863386566616532643465626238663661363066
39636431646262336533613635323534613664623737363732636238373935313961306465653636
65626464303362353965653065306537346434663561663664333964343437666539376639356163
32663938623366663166386432386164396138343536343936313434656464626531373863656633
63653230653565336531396266333232353863373736373337336532623262316635383630633734
31623961363066613236316564386565633062643766353963626161336137333265306336356366
62663030343366653263626533643466623332663235653236656238393032306631343964366163
62633537666361343963393763353765633864666237626261393034386535353138653235656437
36633037333263343764656635663939646162346331303635613165366133393732353463633664
66363035373735663832633138646261323830333765386663386236643036306434643234313634
37333831373336623365353063623931633139666163323237643739626465646264323133326539
61663761383332363335643361316165313865343666396531653532643637633330623037326661
39336431313264666231396561366436326166313361626262336132393465653031386362383634
35386332353764303164383838613136313761636164623234313334313535396562396539636165
66636666363164636639646661376135663731633632323839316361643365363765373333353166
31333936396335313337633436303739623439326164623731376363643162646263616561643261
66636534386238343637346564666230373764323839313366623930363365353865623466343038
62323830363934653234396333663932326264376132386464636535663131623336373066623066
31643639383564396538666632326330323663613863656430393735623033323034363632383537
65363165623138623930303335633535643436396433303131333562316562386531396463353965
33636263623238646361643033316364336639336436363666353639613730323834616266326563
65623635356637303638326365363931306634326636343233613734653232373335653364646239
35393732386631613638333030393830363166373138376336626136373833333264
